configs:
  plate2char_response_time: 0.4792604446411133
  video2plate_response_time: 0.10531878471374512