configs:
  plate2char_response_time: 0.23316311836242676
  video2plate_response_time: 0.10531878471374512
