configs:
  plate2char_response_time: 0.35802149772644043
  video2plate_response_time: 0.18764829635620117
