configs:
  plate2char_response_time: 0.32195019721984863
  video2plate_response_time: 0.18764829635620117
